0.000181 0.633550 0.339430 0.026838
0.001431 0.293989 0.514305 0.190275
0.000036 0.527721 0.408340 0.063903
0.000888 0.112789 0.802599 0.083725
0.000000 0.044542 0.604259 0.351199
0.433555 0.496104 0.061917 0.008424
0.000004 0.438845 0.249028 0.312124
0.001469 0.296730 0.315080 0.386721
0.000041 0.581888 0.351504 0.066567
0.000000 0.033660 0.575260 0.391080
0.000012 0.033535 0.470054 0.496399
0.000000 0.231774 0.521833 0.246393
0.000000 0.019677 0.497229 0.483094
0.000000 0.051081 0.426730 0.522188
0.002310 0.232553 0.672741 0.092395
0.000008 0.022751 0.280897 0.696344
0.000004 0.020430 0.319721 0.659845
0.014612 0.312240 0.635893 0.037254
0.005305 0.606530 0.353154 0.035011
0.000004 0.274520 0.439759 0.285718
0.000096 0.148864 0.550024 0.301016
0.000042 0.204249 0.771120 0.024590
0.000012 0.023771 0.597256 0.378961
0.000183 0.112245 0.797342 0.090230
0.000389 0.043436 0.657201 0.298974
0.000273 0.049261 0.843370 0.107096
0.000001 0.024829 0.557474 0.417696
0.000001 0.129448 0.811685 0.058866
0.000000 0.047955 0.602745 0.349299
0.007902 0.416399 0.443444 0.132255
0.000000 0.031612 0.542366 0.426022
0.000219 0.026907 0.938627 0.034246
0.000000 0.044851 0.304568 0.650581
0.000006 0.023027 0.645433 0.331534
0.000000 0.156659 0.450989 0.392352
0.102765 0.726019 0.156575 0.014640
0.012457 0.561658 0.391002 0.034882
0.254021 0.657921 0.076785 0.011273
0.014024 0.761040 0.206117 0.018819
0.029025 0.897064 0.064741 0.009170
0.003070 0.249023 0.672885 0.075022
0.005854 0.518407 0.419628 0.056111
0.000016 0.739346 0.241905 0.018734
0.000010 0.391461 0.537340 0.071189
0.000892 0.390434 0.497163 0.111511
0.000248 0.681573 0.242030 0.076148
0.000709 0.569397 0.395077 0.034817
0.001794 0.391133 0.491821 0.115252
0.002261 0.786447 0.203461 0.007831
0.000391 0.144922 0.773350 0.081337
0.000015 0.810379 0.168234 0.021372
0.271079 0.620427 0.096371 0.012123
0.006214 0.431383 0.498136 0.064267
0.000006 0.355105 0.508803 0.136086
0.623759 0.348118 0.023801 0.004323
0.002130 0.828552 0.146916 0.022402
0.000056 0.835021 0.135246 0.029676
0.003881 0.498848 0.409207 0.088064
0.000000 0.112475 0.675628 0.211897
0.000245 0.806680 0.172914 0.020161
0.000737 0.227761 0.486964 0.284538
0.000140 0.345456 0.499620 0.154784
0.000223 0.427680 0.428419 0.143679
0.000382 0.384566 0.430717 0.184335
0.566480 0.385414 0.041366 0.006741
0.000001 0.851503 0.128584 0.019912
0.030260 0.591999 0.341885 0.035857
0.018162 0.815000 0.155599 0.011239
0.000006 0.438505 0.423307 0.138182
0.238284 0.566407 0.171326 0.023984
0.158875 0.672772 0.148726 0.019627
0.005151 0.739697 0.247067 0.008084
0.000001 0.455409 0.441598 0.102992
0.000068 0.732432 0.259671 0.007829
0.000003 0.922628 0.060615 0.016753
0.476191 0.458001 0.055893 0.009915
0.000001 0.673078 0.307157 0.019763
0.002552 0.288485 0.620289 0.088674
0.000000 0.276053 0.714108 0.009840
0.000019 0.173559 0.806598 0.019824
0.000001 0.319965 0.401243 0.278791
0.000339 0.133064 0.634531 0.232066
0.090491 0.751785 0.136469 0.021255
0.101816 0.603288 0.263048 0.031848
0.000000 0.095983 0.849313 0.054704
0.000047 0.016310 0.655040 0.328603
0.040359 0.786384 0.160224 0.013032
0.028793 0.577429 0.333616 0.060162
0.490626 0.366256 0.120463 0.022655
0.139788 0.581663 0.242424 0.036125
0.125564 0.598516 0.248432 0.027488
0.000003 0.055964 0.875472 0.068561
0.000504 0.209721 0.709557 0.080217
0.000001 0.023047 0.785973 0.190978
0.000001 0.014353 0.888365 0.097281
0.000000 0.056808 0.853113 0.090079
0.349511 0.469988 0.157228 0.023272
0.009756 0.383811 0.532279 0.074153
0.000003 0.083342 0.824336 0.092319
0.000000 0.205286 0.682970 0.111743
0.000000 0.322457 0.439984 0.237558
0.001529 0.255437 0.691127 0.051907
0.000003 0.340685 0.543773 0.115540
0.000000 0.129181 0.802971 0.067848
0.000000 0.133283 0.702658 0.164059
0.000361 0.359022 0.608499 0.032118
0.000000 0.039914 0.470850 0.489236
0.006789 0.309645 0.566987 0.116579
0.000636 0.175144 0.676231 0.147989
0.000178 0.381371 0.590074 0.028377
0.000167 0.349570 0.583280 0.066982
0.000002 0.747082 0.226886 0.026030
0.000003 0.028484 0.867716 0.103797
0.000012 0.022412 0.861653 0.115923
0.000261 0.122132 0.818672 0.058935
0.000050 0.123613 0.753439 0.122898
0.000060 0.069612 0.818958 0.111371
0.000648 0.075505 0.844126 0.079721
0.000000 0.137523 0.807119 0.055357
0.000001 0.044846 0.930979 0.024175
0.000001 0.040326 0.903346 0.056327
0.000236 0.367192 0.523053 0.109518
0.023197 0.649421 0.291787 0.035596
0.000000 0.029214 0.915843 0.054943
0.000001 0.027695 0.943991 0.028314
0.000010 0.112262 0.862322 0.025406
0.000826 0.245090 0.698322 0.055763
0.000116 0.208658 0.746690 0.044536
0.000029 0.072662 0.873677 0.053633
0.001845 0.666707 0.281861 0.049587
0.000858 0.072559 0.783029 0.143554
0.000010 0.725577 0.241556 0.032857
0.000304 0.208748 0.728446 0.062503
0.000566 0.298050 0.597249 0.104134
0.000045 0.097358 0.771386 0.131211
0.000009 0.067766 0.894586 0.037639
0.000076 0.099230 0.891155 0.009539
0.000027 0.041685 0.943681 0.014607
0.000005 0.425569 0.502221 0.072205
0.000004 0.508250 0.457076 0.034670
0.000026 0.340219 0.490865 0.168890
0.000028 0.078167 0.619171 0.302634
0.000005 0.103134 0.658257 0.238604
0.000020 0.419376 0.539841 0.040763
0.000008 0.062059 0.876279 0.061654
0.000076 0.358279 0.587486 0.054158
0.004830 0.509906 0.363008 0.122256
0.000116 0.225265 0.750959 0.023661
0.000001 0.041582 0.762085 0.196332
0.000012 0.056944 0.817654 0.125390
0.012550 0.741410 0.233824 0.012217
0.000024 0.334658 0.573277 0.092040
0.000940 0.728624 0.252740 0.017696
0.074216 0.556141 0.352565 0.017078
0.000015 0.287837 0.410649 0.301499
0.000011 0.026171 0.590757 0.383060
0.000802 0.058157 0.919407 0.021633
0.000117 0.029906 0.953579 0.016398
0.000000 0.104591 0.871824 0.023584
0.000000 0.017469 0.889754 0.092777
0.000007 0.034812 0.920834 0.044347
0.000008 0.141708 0.821714 0.036570
0.000013 0.153446 0.834320 0.012221
0.005344 0.710410 0.259197 0.025049
0.000011 0.420760 0.534866 0.044364
0.001144 0.742115 0.209447 0.047294
0.000874 0.588680 0.369365 0.041081
0.000002 0.295034 0.670773 0.034191
0.002147 0.165576 0.750148 0.082130
0.000000 0.078128 0.876836 0.045036
0.000000 0.123277 0.805501 0.071222
0.000000 0.020191 0.977479 0.002331
0.000000 0.282611 0.653292 0.064097
0.000007 0.022902 0.897576 0.079515
0.023234 0.732053 0.224911 0.019802
0.000033 0.129331 0.846920 0.023716
0.001551 0.289806 0.551072 0.157571
0.000000 0.039445 0.729465 0.231090
0.008239 0.210999 0.757377 0.023385
0.001123 0.221016 0.756329 0.021533
0.000133 0.131629 0.790923 0.077315
0.000000 0.001788 0.988951 0.009261
0.000000 0.006044 0.917191 0.076765
0.000000 0.061174 0.911182 0.027644
0.000005 0.049327 0.816835 0.133834
0.005492 0.626424 0.341024 0.027060
0.017244 0.549190 0.395227 0.038339
0.000031 0.504485 0.456549 0.038934
0.000003 0.245849 0.722111 0.032037
0.000003 0.090756 0.845870 0.063371
0.000001 0.058817 0.902178 0.039003
0.000360 0.089669 0.873960 0.036010
0.000061 0.333566 0.517077 0.149296
0.000039 0.152302 0.764049 0.083610
0.000066 0.137969 0.809359 0.052606
0.002632 0.716735 0.229204 0.051429
0.336269 0.590001 0.066123 0.007607
0.287241 0.524707 0.163658 0.024394
0.681163 0.284012 0.030169 0.004656
0.000024 0.701809 0.276253 0.021913
0.077564 0.652314 0.246002 0.024120
0.299648 0.613144 0.077010 0.010197
0.866464 0.123975 0.007903 0.001659
0.000013 0.640167 0.344095 0.015724
0.000033 0.815754 0.170328 0.013885
0.000006 0.599768 0.377099 0.023126
0.001307 0.763959 0.218846 0.015888
0.145058 0.667027 0.169383 0.018532
0.713500 0.259408 0.023229 0.003863
0.704140 0.272113 0.020177 0.003570
0.000254 0.849561 0.130679 0.019506
0.000099 0.876021 0.097514 0.026366
0.000026 0.765580 0.180672 0.053721
0.813691 0.171238 0.012789 0.002281
0.240758 0.609591 0.132112 0.017539
0.000018 0.898781 0.077081 0.024119
0.000025 0.393926 0.483100 0.122949
0.000024 0.718505 0.261625 0.019846
0.087648 0.557877 0.312662 0.041813
0.075762 0.747527 0.161372 0.015339
0.053908 0.655026 0.258182 0.032885
0.866464 0.123975 0.007903 0.001659
0.002750 0.789461 0.191937 0.015852
0.009675 0.623334 0.321642 0.045350
0.021774 0.649498 0.298301 0.030426
0.000005 0.923538 0.068605 0.007852
0.000006 0.791349 0.189049 0.019596
0.000063 0.705331 0.255714 0.038892
0.297388 0.584945 0.103705 0.013962
0.384105 0.540932 0.065922 0.009041
0.866464 0.123975 0.007903 0.001659
0.837941 0.149454 0.010580 0.002025
0.198764 0.731520 0.059201 0.010515
0.702876 0.270615 0.022763 0.003746
0.041474 0.770150 0.167787 0.020590
0.000009 0.900106 0.085955 0.013930
0.000042 0.736831 0.244168 0.018960
0.290165 0.649041 0.050288 0.010507
0.000473 0.878276 0.105300 0.015951
0.822962 0.164569 0.010444 0.002025
0.034946 0.860216 0.086783 0.018055
0.866464 0.123975 0.007903 0.001659
0.000031 0.882707 0.090702 0.026560
0.000038 0.583677 0.386225 0.030059
0.000083 0.802510 0.149240 0.048167
0.227643 0.639766 0.118826 0.013765
0.828646 0.159156 0.010246 0.001952
0.828924 0.158543 0.010551 0.001983
0.836322 0.152081 0.009737 0.001860
0.004393 0.669691 0.290224 0.035693
0.000010 0.734480 0.217106 0.048404
0.154450 0.704064 0.127670 0.013816
0.568700 0.404417 0.022040 0.004843
0.517158 0.452793 0.025768 0.004281
0.439266 0.506219 0.047103 0.007412
0.647077 0.320324 0.027586 0.005013
0.001391 0.620033 0.352418 0.026159
0.202342 0.567769 0.213572 0.016316
0.000032 0.702557 0.241777 0.055634
0.867540 0.122843 0.007965 0.001651
0.156184 0.741457 0.092606 0.009753
0.001118 0.780496 0.194946 0.023440
0.001017 0.811808 0.144304 0.042871
0.000594 0.877021 0.094525 0.027860
0.000876 0.875955 0.094466 0.028703
0.844479 0.144318 0.009315 0.001888
0.804196 0.181157 0.012268 0.002379
0.000042 0.627792 0.329470 0.042696
0.000236 0.737010 0.223791 0.038962
0.102943 0.808484 0.074638 0.013935
0.344785 0.572518 0.074211 0.008486
0.792600 0.190615 0.013869 0.002916
0.866464 0.123975 0.007903 0.001659
0.581494 0.378533 0.034265 0.005709
0.004606 0.744061 0.213014 0.038319
0.049932 0.806997 0.133591 0.009480
0.000010 0.807773 0.160291 0.031925
0.613165 0.348408 0.032911 0.005516
0.531028 0.418008 0.043855 0.007109
0.416084 0.526546 0.049779 0.007592
0.307615 0.589735 0.089807 0.012842
0.001100 0.963929 0.032804 0.002167
0.063222 0.843277 0.084883 0.008617
0.000034 0.886087 0.085835 0.028044
0.320042 0.591585 0.077094 0.011278
0.013752 0.744191 0.208152 0.033905
0.003851 0.901087 0.081248 0.013814
0.006799 0.908375 0.069655 0.015170
0.423065 0.499725 0.066441 0.010769
0.741991 0.240121 0.015184 0.002704
0.000042 0.884135 0.097742 0.018081
0.005814 0.795274 0.151647 0.047265
0.004569 0.655768 0.245435 0.094227
0.004878 0.666527 0.235069 0.093526
0.004100 0.598556 0.348821 0.048523
0.031263 0.737494 0.197921 0.033322
0.000018 0.858098 0.126977 0.014907
0.650603 0.321637 0.023887 0.003873
0.000822 0.319741 0.610098 0.069338
0.052106 0.743356 0.179640 0.024897
0.000021 0.856058 0.126923 0.016998
0.044284 0.679433 0.244772 0.031511
0.000023 0.873424 0.086659 0.039893
0.002860 0.647399 0.287627 0.062114
0.002930 0.652328 0.297674 0.047068
0.537916 0.411485 0.043897 0.006702
0.451904 0.488692 0.052912 0.006493
0.001434 0.900140 0.091122 0.007304
0.029868 0.630350 0.313126 0.026657
0.056583 0.694806 0.231450 0.017160
0.000001 0.468698 0.524179 0.007123
0.059108 0.769226 0.158477 0.013189
0.250077 0.639333 0.100804 0.009786
0.068673 0.712994 0.189862 0.028471
0.242906 0.502724 0.228872 0.025497
0.008359 0.927056 0.046333 0.018252
0.435012 0.492477 0.062965 0.009546
0.545886 0.399148 0.047432 0.007534
0.007509 0.781260 0.157716 0.053514
0.000540 0.855939 0.137087 0.006435
0.000050 0.775003 0.220658 0.004289
0.000001 0.315598 0.672016 0.012385
0.000000 0.409206 0.519599 0.071194
0.000364 0.743123 0.247307 0.009206
0.844262 0.144855 0.009058 0.001825
0.109325 0.379454 0.433762 0.077459
0.000015 0.881045 0.093701 0.025239
0.000013 0.571104 0.396027 0.032856
0.000029 0.887890 0.092557 0.019524
0.000192 0.365063 0.492716 0.142030
0.000122 0.788925 0.182381 0.028573
0.000911 0.727091 0.239021 0.032977
0.109656 0.543497 0.297980 0.048868
0.813059 0.172635 0.012079 0.002227
0.172156 0.645980 0.161146 0.020718
0.211224 0.629889 0.142619 0.016269
0.000001 0.394911 0.556244 0.048844
0.000005 0.943615 0.052606 0.003775
0.833748 0.153687 0.010610 0.001954
0.141077 0.747589 0.102881 0.008454
0.001059 0.743361 0.243240 0.012340
0.075324 0.533347 0.355638 0.035691
0.000028 0.798094 0.156029 0.045848
0.002778 0.772429 0.209812 0.014982
0.002355 0.908931 0.075319 0.013395
0.000038 0.382538 0.514190 0.103233
0.000088 0.802029 0.180556 0.017327
0.000005 0.593351 0.269931 0.136713
0.011221 0.112847 0.812834 0.063099
0.454876 0.502206 0.037755 0.005164
0.000001 0.490144 0.465393 0.044462
0.000044 0.692729 0.210017 0.097210
0.001145 0.659746 0.308191 0.030918
0.804369 0.179915 0.013388 0.002328
0.040433 0.757082 0.190231 0.012255
0.870807 0.119549 0.008012 0.001632
0.868026 0.121823 0.008494 0.001656
0.860283 0.129185 0.008757 0.001775
0.852195 0.136307 0.009568 0.001930
0.847148 0.141051 0.009859 0.001942
0.849771 0.138592 0.009734 0.001904
0.855889 0.128800 0.013047 0.002263
0.839002 0.135291 0.022288 0.003419
0.645261 0.311414 0.037402 0.005924
0.866841 0.123567 0.007940 0.001652
0.863132 0.126610 0.008525 0.001733
0.858456 0.130598 0.009140 0.001807
0.858647 0.130545 0.009004 0.001804
0.858953 0.125887 0.013017 0.002144
0.861194 0.119472 0.016793 0.002541
0.703222 0.268223 0.024482 0.004074
0.709662 0.262988 0.023321 0.004029
0.761700 0.218136 0.016918 0.003247
0.823744 0.163702 0.010517 0.002038
0.839062 0.149512 0.009504 0.001921
0.837871 0.150871 0.009295 0.001963
0.886652 0.101248 0.010277 0.001824
0.506919 0.438010 0.047553 0.007519
0.394220 0.520554 0.076614 0.008611
0.873713 0.114956 0.009625 0.001707
0.883191 0.100706 0.014011 0.002091
0.900567 0.088559 0.009221 0.001652
0.915514 0.074816 0.008185 0.001485
0.890475 0.095805 0.011628 0.002092
0.643209 0.323697 0.028678 0.004415
0.797720 0.185691 0.013788 0.002801
0.887360 0.099938 0.010570 0.002132
0.669474 0.291045 0.034671 0.004810
0.664657 0.296944 0.033697 0.004702
0.722832 0.245561 0.026585 0.005022
0.581229 0.369995 0.041964 0.006812
0.511497 0.448448 0.034885 0.005170
0.840525 0.147879 0.009602 0.001994
0.864217 0.124940 0.009059 0.001785
0.863095 0.124665 0.010196 0.002044
0.837376 0.149461 0.010993 0.002170
0.690657 0.283522 0.022448 0.003373
0.669685 0.303491 0.023437 0.003386
0.871613 0.118456 0.008252 0.001680
0.874151 0.115670 0.008503 0.001676
0.844220 0.143489 0.010276 0.002014
0.839460 0.147551 0.010815 0.002173
0.823005 0.160822 0.013619 0.002554
0.643376 0.327963 0.024788 0.003872
0.752936 0.229888 0.014569 0.002607
0.838336 0.149650 0.010049 0.001965
0.767590 0.214392 0.015312 0.002707
0.718335 0.259590 0.018478 0.003596
0.777194 0.206234 0.014040 0.002532
0.862919 0.126551 0.008772 0.001759
0.768227 0.213241 0.015635 0.002897
0.813033 0.172891 0.011778 0.002299
0.821851 0.165138 0.010929 0.002082
0.854007 0.134381 0.009779 0.001832
0.776883 0.205523 0.014758 0.002836
0.774783 0.206997 0.015306 0.002914
0.767532 0.213512 0.016032 0.002925
0.851432 0.137758 0.008952 0.001858
0.844684 0.144610 0.008907 0.001799
0.847622 0.141926 0.008691 0.001760
0.858766 0.131076 0.008402 0.001756
0.859607 0.129849 0.008779 0.001765
0.811320 0.174534 0.011935 0.002211
0.824104 0.163604 0.010247 0.002045
0.818587 0.167637 0.011530 0.002245
0.843991 0.145370 0.008850 0.001788
0.854301 0.134718 0.009135 0.001846
0.858006 0.131362 0.008828 0.001805
0.866464 0.123975 0.007903 0.001659
0.866464 0.123975 0.007903 0.001659
0.866464 0.123975 0.007903 0.001659
0.866464 0.123975 0.007903 0.001659
0.866464 0.123975 0.007903 0.001659
0.866464 0.123975 0.007903 0.001659
0.865565 0.124471 0.008300 0.001664
0.852935 0.135509 0.009701 0.001856
0.813497 0.172584 0.011769 0.002150
0.819506 0.167340 0.011122 0.002032
0.822431 0.164234 0.011315 0.002020
0.199925 0.718392 0.069669 0.012013
0.690285 0.283794 0.022598 0.003323
0.866464 0.123975 0.007903 0.001659
0.866464 0.123975 0.007903 0.001659
0.866464 0.123975 0.007903 0.001659
0.866464 0.123975 0.007903 0.001659
0.866464 0.123975 0.007903 0.001659
0.866464 0.123975 0.007903 0.001659
0.870836 0.118884 0.008601 0.001678
0.851272 0.137246 0.009601 0.001881
0.837513 0.150874 0.009661 0.001952
0.759751 0.217177 0.018952 0.004120
0.824049 0.163529 0.010507 0.001915
0.838250 0.150475 0.009415 0.001860
0.866464 0.123975 0.007903 0.001659
0.866464 0.123975 0.007903 0.001659
0.866464 0.123975 0.007903 0.001659
0.866464 0.123975 0.007903 0.001659
0.866464 0.123975 0.007903 0.001659
0.866464 0.123975 0.007903 0.001659
0.866464 0.123975 0.007903 0.001659
0.866464 0.123975 0.007903 0.001659
0.866464 0.123975 0.007903 0.001659
0.873672 0.116568 0.008137 0.001623
0.869988 0.120071 0.008317 0.001624
0.842906 0.145527 0.009649 0.001919
0.839101 0.148875 0.010095 0.001929
0.832144 0.155310 0.010562 0.001985
0.850533 0.138383 0.009240 0.001844
0.407226 0.514860 0.070612 0.007301
0.606779 0.334495 0.053501 0.005226
0.685221 0.289333 0.022342 0.003103
0.853675 0.135698 0.008811 0.001816
0.849991 0.139383 0.008781 0.001845
0.853335 0.136490 0.008441 0.001733
0.859467 0.130584 0.008230 0.001718
0.866464 0.123975 0.007903 0.001659
0.866464 0.123975 0.007903 0.001659
0.866464 0.123975 0.007903 0.001659
0.866464 0.123975 0.007903 0.001659
0.866464 0.123975 0.007903 0.001659
0.866464 0.123975 0.007903 0.001659
0.866464 0.123975 0.007903 0.001659
0.866464 0.123975 0.007903 0.001659
0.866464 0.123975 0.007903 0.001659
0.866464 0.123975 0.007903 0.001659
0.875700 0.114889 0.007841 0.001570
0.787403 0.190050 0.019473 0.003073
0.262687 0.611982 0.106017 0.019313
0.731710 0.241785 0.023078 0.003426
0.797870 0.185912 0.013900 0.002318
0.866464 0.123975 0.007903 0.001659
0.866464 0.123975 0.007903 0.001659
0.866464 0.123975 0.007903 0.001659
0.866464 0.123975 0.007903 0.001659
0.866464 0.123975 0.007903 0.001659
0.851022 0.137646 0.009443 0.001889
0.776670 0.201028 0.019438 0.002864
0.775402 0.205201 0.016394 0.003003
0.858924 0.130882 0.008400 0.001794
0.860804 0.129205 0.008241 0.001751
